Score máximo: 6
Subsecuencia común: TCTTCT
Posición en S1: [8, 13]
Posición en S2: [50, 55]
¿Existe en otra parte?: Sí

Matriz de puntuaciones:
0	0	0	0	0	0	0	0	0	0	0	0	0	0	0	0	0	0	0	0	0	0	0	0	0	0	0	0	0	0	0	0	0	0	0	0	0	0	0	0	0	0	0	0	0	0	0	0	0	0	0	0	0	0	0	0	0	0	0	0	0	0	
0	0	0	0	1	0	0	0	0	0	0	1	1	0	1	0	0	0	0	0	1	0	0	1	1	0	1	1	0	0	1	1	1	0	0	0	0	1	1	0	0	0	0	0	0	1	0	1	0	0	0	1	0	1	1	0	1	1	0	0	1	0	
0	0	0	0	1	0	0	0	0	0	0	1	2	0	1	0	0	0	0	0	1	0	0	1	2	0	1	2	0	0	1	2	2	0	0	0	0	1	2	0	0	0	0	0	0	1	0	1	0	0	0	1	0	1	2	0	1	2	0	0	1	0	
0	1	1	1	0	0	1	0	0	0	1	0	0	0	0	2	0	0	0	1	0	0	1	0	0	3	1	0	3	1	0	0	0	0	1	1	0	0	0	0	0	0	0	1	0	0	2	0	2	1	0	0	0	0	0	0	0	0	3	1	0	2	
0	1	2	2	0	0	1	0	0	0	1	0	0	0	0	1	0	0	0	1	0	0	1	0	0	1	1	0	1	1	0	0	0	0	1	2	0	0	0	0	0	0	0	1	0	0	1	0	1	3	1	0	0	0	0	0	0	0	1	1	0	1	
0	0	0	0	3	1	0	0	0	0	0	2	1	0	1	0	0	0	0	0	2	0	0	2	1	0	2	2	0	0	2	1	1	0	0	0	0	1	1	0	0	0	0	0	0	1	0	2	0	1	1	2	0	1	1	0	1	1	0	0	2	0	
0	0	0	0	1	1	0	1	1	1	0	0	0	2	0	0	0	0	1	0	0	3	1	0	0	0	0	0	0	1	0	0	0	0	0	0	0	0	0	2	1	1	0	0	0	0	0	0	0	0	2	0	0	0	0	0	0	0	0	0	0	0	
0	0	0	0	0	2	0	0	0	0	0	0	0	0	0	0	1	1	0	0	0	1	1	0	0	0	0	0	0	0	0	0	0	1	0	0	1	0	0	0	0	0	2	0	1	0	0	0	0	0	0	0	1	0	0	1	0	0	0	1	0	0	
0	0	0	0	0	1	0	0	0	0	0	0	0	0	0	0	1	2	0	0	0	0	0	0	0	0	0	0	0	0	0	0	0	1	0	0	1	0	0	0	0	0	1	0	1	0	0	0	0	0	0	0	1	0	0	1	0	0	0	1	0	0	
0	0	0	0	1	0	0	0	0	0	0	1	1	0	1	0	0	0	0	0	1	0	0	1	1	0	1	1	0	0	1	1	1	0	0	0	0	2	1	0	0	0	0	0	0	2	0	1	0	0	0	1	0	2	1	0	2	1	0	0	2	0	
0	0	0	0	0	2	0	0	0	0	0	0	0	0	0	0	1	1	0	0	0	0	0	0	0	0	0	0	0	0	0	0	0	2	0	0	1	0	0	0	0	0	1	0	1	0	0	0	0	0	0	0	2	0	0	2	0	0	0	1	0	0	
0	0	0	0	1	0	0	0	0	0	0	1	1	0	1	0	0	0	0	0	1	0	0	1	1	0	1	1	0	0	1	1	1	0	0	0	0	2	1	0	0	0	0	0	0	2	0	1	0	0	0	1	0	3	1	0	3	1	0	0	2	0	
0	0	0	0	1	0	0	0	0	0	0	1	2	0	1	0	0	0	0	0	1	0	0	1	2	0	1	2	0	0	1	2	2	0	0	0	0	1	3	1	0	0	0	0	0	1	0	1	0	0	0	1	0	1	4	2	1	4	2	0	1	0	
0	0	0	0	0	2	0	0	0	0	0	0	0	0	0	0	1	1	0	0	0	0	0	0	0	0	0	0	0	0	0	0	0	3	1	0	1	0	1	1	0	0	1	0	1	0	0	0	0	0	0	0	2	0	2	5	3	2	2	3	1	0	
0	0	0	0	1	0	0	0	0	0	0	1	1	0	1	0	0	0	0	0	1	0	0	1	1	0	1	1	0	0	1	1	1	1	1	0	0	2	1	0	0	0	0	0	0	2	0	1	0	0	0	1	0	3	1	3	6	4	2	1	4	2	
0	0	0	0	0	2	0	0	0	0	0	0	0	0	0	0	1	1	0	0	0	0	0	0	0	0	0	0	0	0	0	0	0	2	0	0	1	0	0	0	0	0	1	0	1	0	0	0	0	0	0	0	2	1	1	2	4	4	2	3	2	2	
0	1	1	1	0	0	3	1	0	0	1	0	0	0	0	1	0	0	0	1	0	0	1	0	0	1	0	0	1	0	0	0	0	0	3	1	0	0	0	0	0	0	0	2	0	0	1	0	1	1	0	0	0	0	0	0	2	2	5	3	1	3	
0	0	0	0	2	0	1	1	0	0	0	2	1	0	1	0	0	0	0	0	2	0	0	2	1	0	2	1	0	0	1	1	1	0	1	1	0	1	1	0	0	0	0	0	0	1	0	2	0	0	0	1	0	1	1	0	1	3	3	3	4	2	
0	0	0	0	1	0	0	0	0	0	0	1	3	1	1	0	0	0	0	0	1	0	0	1	3	1	1	3	1	0	1	2	2	0	0	0	0	1	2	0	0	0	0	0	0	1	0	1	0	0	0	1	0	1	2	0	1	2	1	1	4	2	
0	0	0	0	1	0	0	0	0	0	0	1	2	1	2	0	0	0	0	0	1	0	0	1	2	1	2	2	1	0	1	2	3	1	0	0	0	1	2	0	0	0	0	0	0	1	0	1	0	0	0	1	0	1	2	0	1	2	0	0	2	2	
0	0	0	0	0	2	0	0	0	0	0	0	0	0	0	0	1	1	0	0	0	0	0	0	0	0	0	0	0	0	0	0	1	4	2	0	1	0	0	0	0	0	1	0	1	0	0	0	0	0	0	0	2	0	0	3	1	0	0	1	0	0	
0	0	0	0	1	0	0	0	0	0	0	1	1	0	1	0	0	0	0	0	1	0	0	1	1	0	1	1	0	0	1	1	1	2	2	0	0	2	1	0	0	0	0	0	0	2	0	1	0	0	0	1	0	3	1	1	4	2	0	0	2	0	
0	0	0	0	1	0	0	0	0	0	0	1	2	0	1	0	0	0	0	0	1	0	0	1	2	0	1	2	0	0	1	2	2	0	0	0	0	1	3	1	0	0	0	0	0	1	0	1	0	0	0	1	0	1	4	2	2	5	3	1	1	0	
0	0	0	0	0	2	0	0	0	0	0	0	0	0	0	0	1	1	0	0	0	0	0	0	0	0	0	0	0	0	0	0	0	3	1	0	1	0	1	1	0	0	1	0	1	0	0	0	0	0	0	0	2	0	2	5	3	3	3	4	2	0	
0	0	0	0	1	0	0	0	0	0	0	1	1	0	1	0	0	0	0	0	1	0	0	1	1	0	1	1	0	0	1	1	1	1	1	0	0	2	1	0	0	0	0	0	0	2	0	1	0	0	0	1	0	3	1	3	6	4	2	2	5	3	
0	0	0	0	0	0	0	1	1	1	0	0	0	2	0	0	0	0	1	0	0	2	0	0	0	0	0	0	0	1	0	0	0	0	0	0	0	0	0	2	1	1	0	0	0	0	0	0	0	0	1	0	0	1	1	1	4	4	2	0	3	3	
0	0	0	0	0	1	0	0	0	0	0	0	0	0	0	0	1	1	0	0	0	0	0	0	0	0	0	0	0	0	0	0	0	1	0	0	1	0	0	0	0	0	2	0	1	0	0	0	0	0	0	0	1	0	0	2	2	2	2	3	1	1	
0	0	0	0	1	0	0	0	0	0	0	1	1	0	1	0	0	0	0	0	1	0	0	1	1	0	1	1	0	0	1	1	1	0	0	0	0	2	1	0	0	0	0	0	0	2	0	1	0	0	0	1	0	2	1	0	3	3	1	1	4	2	
0	0	0	0	0	0	0	1	1	1	0	0	0	2	0	0	0	0	1	0	0	2	0	0	0	0	0	0	0	1	0	0	0	0	0	0	0	0	0	2	1	1	0	0	0	0	0	0	0	0	1	0	0	0	0	0	1	1	1	0	2	2	
0	0	0	0	1	0	0	0	0	0	0	1	1	0	3	1	0	0	0	0	1	0	0	1	1	0	1	1	0	0	2	1	1	0	0	0	0	1	1	0	0	0	0	0	0	1	0	1	0	0	0	2	0	1	1	0	1	2	0	0	1	0	
0	0	0	0	0	2	0	0	0	0	0	0	0	0	1	1	2	1	0	0	0	0	0	0	0	0	0	0	0	0	0	0	0	2	0	0	1	0	0	0	0	0	1	0	1	0	0	0	0	0	0	0	3	1	0	2	0	0	0	1	0	0	
0	1	1	1	0	0	3	1	0	0	1	0	0	0	0	2	0	0	0	1	0	0	1	0	0	1	0	0	1	0	0	0	0	0	3	1	0	0	0	0	0	0	0	2	0	0	1	0	1	1	0	0	1	1	0	0	0	0	1	0	0	1	
0	0	0	0	2	0	1	1	0	0	0	2	1	0	1	0	0	0	0	0	2	0	0	2	1	0	2	1	0	0	1	1	1	0	1	1	0	1	1	0	0	0	0	0	0	1	0	2	0	0	0	1	0	2	2	0	1	1	0	0	1	0	
0	0	0	0	0	3	1	0	0	0	0	0	0	0	0	0	1	1	0	0	0	0	0	0	0	0	0	0	0	0	0	0	0	2	0	0	2	0	0	0	0	0	1	0	1	0	0	0	0	0	0	0	2	0	0	3	1	0	0	1	0	0	
0	0	0	0	0	1	1	0	0	0	0	0	0	0	0	0	1	2	0	0	0	0	0	0	0	0	0	0	0	0	0	0	0	1	0	0	1	0	0	0	0	0	1	0	1	0	0	0	0	0	0	0	1	0	0	1	1	0	0	1	0	0	
0	0	0	0	0	0	0	2	1	1	0	0	0	1	0	0	0	0	3	1	0	1	0	0	0	0	0	0	0	1	0	0	0	0	0	0	0	0	0	1	1	1	0	0	0	0	0	0	0	0	1	0	0	0	0	0	0	0	0	0	0	0	
0	0	0	0	0	1	0	0	0	0	0	0	0	0	0	0	1	1	1	1	0	0	0	0	0	0	0	0	0	0	0	0	0	1	0	0	1	0	0	0	0	0	2	0	1	0	0	0	0	0	0	0	1	0	0	1	0	0	0	1	0	0	
0	1	1	1	0	0	2	0	0	0	1	0	0	0	0	1	0	0	0	2	0	0	1	0	0	1	0	0	1	0	0	0	0	0	2	1	0	0	0	0	0	0	0	3	1	0	1	0	1	1	0	0	0	0	0	0	0	0	1	0	0	1	
0	0	0	0	0	1	0	0	0	0	0	0	0	0	0	0	2	1	0	0	0	0	0	0	0	0	0	0	0	0	0	0	0	1	0	0	2	0	0	0	0	0	1	1	4	2	0	0	0	0	0	0	1	0	0	1	0	0	0	2	0	0	
0	1	1	1	0	0	2	0	0	0	1	0	0	0	0	1	0	0	0	1	0	0	1	0	0	1	0	0	1	0	0	0	0	0	2	1	0	0	0	0	0	0	0	2	2	2	3	1	1	1	0	0	0	0	0	0	0	0	1	0	0	1	
0	0	0	0	0	0	0	3	1	1	0	0	0	1	0	0	0	0	1	0	0	1	0	0	0	0	0	0	0	2	0	0	0	0	0	0	0	0	0	1	1	1	0	0	0	0	1	1	0	0	2	0	0	0	0	0	0	0	0	0	0	0	
0	0	0	0	0	1	0	1	1	0	0	0	0	0	0	0	1	1	0	0	0	0	0	0	0	0	0	0	0	0	0	0	0	1	0	0	1	0	0	0	0	0	2	0	1	0	0	0	0	0	0	0	1	0	0	1	0	0	0	1	0	0	
0	1	1	1	0	0	2	0	0	0	1	0	0	0	0	1	0	0	0	1	0	0	1	0	0	1	0	0	1	0	0	0	0	0	2	1	0	0	0	0	0	0	0	3	1	0	1	0	1	1	0	0	0	0	0	0	0	0	1	0	0	1	
0	0	0	0	0	0	0	3	1	1	0	0	0	1	0	0	0	0	1	0	0	1	0	0	0	0	0	0	0	2	0	0	0	0	0	0	0	0	0	1	1	1	0	1	1	0	0	0	0	0	2	0	0	0	0	0	0	0	0	0	0	0	
0	1	1	1	0	0	1	1	1	0	2	0	0	0	0	1	0	0	0	2	0	0	2	0	0	1	0	0	1	0	0	0	0	0	1	1	0	0	0	0	0	0	0	1	0	0	1	0	1	1	0	0	0	0	0	0	0	0	1	0	0	1	
0	1	2	2	0	0	1	0	0	0	1	0	0	0	0	1	0	0	0	1	0	0	1	0	0	1	0	0	1	0	0	0	0	0	1	2	0	0	0	0	0	0	0	1	0	0	1	0	1	2	0	0	0	0	0	0	0	0	1	0	0	1	
0	0	0	0	0	0	0	2	1	1	0	0	0	1	0	0	0	0	1	0	0	1	0	0	0	0	0	0	0	2	0	0	0	0	0	0	0	0	0	1	1	1	0	0	0	0	0	0	0	0	3	1	0	0	0	0	0	0	0	0	0	0	
0	1	1	1	0	0	1	0	0	0	2	0	0	0	0	1	0	0	0	2	0	0	2	0	0	1	0	0	1	0	0	0	0	0	1	1	0	0	0	0	0	0	0	1	0	0	1	0	1	1	1	1	0	0	0	0	0	0	1	0	0	1	
0	1	2	2	0	0	1	0	0	0	1	0	0	0	0	1	0	0	0	1	0	0	1	0	0	1	0	0	1	0	0	0	0	0	1	2	0	0	0	0	0	0	0	1	0	0	1	0	1	2	0	0	0	0	0	0	0	0	1	0	0	1	
0	0	0	0	3	1	0	0	0	0	0	2	1	0	1	0	0	0	0	0	2	0	0	2	1	0	2	1	0	0	1	1	1	0	0	0	0	1	1	0	0	0	0	0	0	1	0	2	0	0	0	1	0	1	1	0	1	1	0	0	1	0	
0	0	0	0	1	1	0	0	0	0	0	1	3	1	1	0	0	0	0	0	1	0	0	1	3	1	1	3	1	0	1	2	2	0	0	0	0	1	2	0	0	0	0	0	0	1	0	1	0	0	0	1	0	1	2	0	1	2	0	0	1	0	
0	0	0	0	0	2	0	0	0	0	0	0	1	1	0	0	1	1	0	0	0	0	0	0	1	1	0	1	1	0	0	0	0	3	1	0	1	0	0	0	0	0	1	0	1	0	0	0	0	0	0	0	2	0	0	3	1	0	0	1	0	0	
0	0	0	0	0	1	0	0	0	0	0	0	0	0	0	0	1	2	0	0	0	0	0	0	0	0	0	0	0	0	0	0	0	1	1	0	1	0	0	0	0	0	1	0	1	0	0	0	0	0	0	0	1	0	0	1	1	0	0	1	0	0	
0	0	0	0	1	0	0	0	0	0	0	1	1	0	1	0	0	0	0	0	1	0	0	1	1	0	1	1	0	0	1	1	1	0	0	0	0	2	1	0	0	0	0	0	0	2	0	1	0	0	0	1	0	2	1	0	2	2	0	0	2	0	
0	0	0	0	0	2	0	0	0	0	0	0	0	0	0	0	1	1	0	0	0	0	0	0	0	0	0	0	0	0	0	0	0	2	0	0	1	0	0	0	0	0	1	0	1	0	0	0	0	0	0	0	2	0	0	2	0	0	0	1	0	0	
0	1	1	1	0	0	3	1	0	0	1	0	0	0	0	1	0	0	0	1	0	0	1	0	0	1	0	0	1	0	0	0	0	0	3	1	0	0	0	0	0	0	0	2	0	0	1	0	1	1	0	0	0	0	0	0	0	0	1	0	0	1	
0	0	0	0	2	0	1	1	0	0	0	2	1	0	1	0	0	0	0	0	2	0	0	2	1	0	2	1	0	0	1	1	1	0	1	1	0	1	1	0	0	0	0	0	0	1	0	2	0	0	0	1	0	1	1	0	1	1	0	0	1	0	
0	0	0	0	1	0	0	0	0	0	0	1	3	1	1	0	0	0	0	0	1	0	0	1	3	1	1	3	1	0	1	2	2	0	0	0	0	1	2	0	0	0	0	0	0	1	0	1	0	0	0	1	0	1	2	0	1	2	0	0	1	0	
0	0	0	0	0	0	0	1	1	1	0	0	1	4	2	0	0	0	1	0	0	2	0	0	1	1	0	1	1	2	0	0	0	0	0	0	0	0	0	3	1	1	0	0	0	0	0	0	0	0	1	0	0	0	0	0	0	0	0	0	0	0	
0	1	1	1	0	0	1	0	0	0	2	0	0	2	2	3	1	0	0	2	0	0	3	1	0	2	0	0	2	0	0	0	0	0	1	1	0	0	0	1	1	0	0	1	0	0	1	0	1	1	0	0	0	0	0	0	0	0	1	0	0	1	
0	0	0	0	0	1	0	0	0	0	0	0	0	0	0	1	4	2	0	0	0	0	1	1	0	0	0	0	0	0	0	0	0	1	0	0	2	0	0	0	0	0	1	0	2	0	0	0	0	0	0	0	1	0	0	1	0	0	0	2	0	0	
